m1=2500;
m2=320;
k1=500000;
k2=500000;
b=350;